1074885561
4407392760
12294832472
150207371105
114801287152
110349028261
45663139446
321266844732
91264123323
198029305941
170193176332
108950674790
134782913820
81622999633
218672698988
186431710519
214755552523
278277961822
255971711131
37709028938
249455129287
30210948456
240007809315
183625307995
93712987852
125713082485
331519276015
19680889373
72225950138
89018098847
19244847026
137134443207
65730241829
34171248671
90345334228
205539346397
14913271579
13098339552
93032731872
60906261664
12734273316
243462097440
133722546319
146462375367
211699114055
212292333834
151113423073
49267806509
104246276863
65759577514
205321819236
386096974601
22309009305
419925605163
198455292939
258166551417
243838488185
178838219578
23133417740
219051984202
78793663593
61837906476
397821676593
339997713772
91234608191
310561904929
153256108259
226801780344
94316832076
196763634968
373386473692
360368755103
489847695047
250151773103
137042158688
422530922132
503985809739
167918027083
408598443814
4314180276
113639900344
454199272911
297659044174
149391228308
35364017984
141281574375
84809982560
303092620182
355836992034
227588734881
190000544702
209749433398
142212390258
287624810785
137971692899
459829891053
553210267217
191072929001
159241306296
34781731905
2044594451
148269794759
212478565509
360515661704
23287739012
177748301235
50632437655
66622999965
783489
850604
18180091
3231009
3340872
68920782798
327709670315
275568994323
168480550924
294612529466
8576910795
3118008333
401636631902
62175913689
251649529256
181591323669
348914570107
338860054576
365469360545
268923672965
25092473022
78156605036
128241165958
165497114181
207895266955
419554928543
260041438205
335061564601
211752289602
60086514131
6943823150
385056328347
156418637493
101584930882
170062809115
17248482944
57720567308
140720197219
324715712094
158693269372
91266303383
27336907475
250463287170
133646452300
277538081085
292443004864
347999998799
15032902920
385398578641
5039317472
29084969462
356837754531
99531945594
170514273390
91780898734
191703399207
267908348186
569250668121
66572828024
196744903811
204540124449
292270952971
488923275523
2392770
45768442916
265392833402
324157200980
514004195672
258973379169
588451979596
118811924561
441498278974
44586636406
250682304838
44058513734
578473430995
375306353145
486557983298
293294188984
310630102049
457325559030
369133790830
110865192314
429436000104
317826411504
437807074595
173733839441
298169189715
109596768161
549960564466
36876017030
360634597017
428852838273
395247126465
